0.0 0.4200586615338675 
0.03125 0.40700650425305224 
0.0625 0.3943067808226751 
0.09375 0.38200052073778284 
0.125 0.3701258060218702 
0.15625 0.35871790721859836 
0.1875 0.3478094496038943 
0.21875 0.3374306096184312 
0.25 0.32760934152049265 
0.28125 0.318371634259216 
0.3125 0.30974179856821976 
0.34375 0.3017427842796112 
0.375 0.29439652785837594 
0.40625 0.28772433015714993 
0.4375 0.2817472643913724 
0.46875 0.276486614334821 
0.5 0.27196434273552833 
0.53125 0.2682035899520803 
0.5625 0.26522920281029666 
0.59375 0.26306829368029233 
0.625 0.2617508297739214 
0.65625 0.2613102526626019 
0.6875 0.26177758033277443 
0.71875 0.263112248185929 
0.75 0.26522825962229046 
0.78125 0.2680410251177552 
0.8125 0.271466891105557 
0.84375 0.2754220156661398 
0.875 0.2798214087502195 
0.90625 0.2845781369350357 
0.9375 0.2896026927137918 
0.96875 0.2948025283182852 
1.0 0.30008175407472776 
