0.0 0.33885577775271186 
0.03125 0.3306828390163623 
0.0625 0.32271182935516585 
0.09375 0.31497263073595216 
0.125 0.3074935554456938 
0.15625 0.30030142695518897 
0.1875 0.2934216787524512 
0.21875 0.2868784711458057 
0.25 0.2806948260366942 
0.28125 0.2748927796621857 
0.3125 0.2694935533071949 
0.34375 0.2645177419864082 
0.375 0.25998552109591616 
0.40625 0.25591687103455435 
0.4375 0.25233181979494956 
0.46875 0.25 
0.5 0.25 
0.53125 0.25 
0.5625 0.25 
0.59375 0.25 
0.625 0.25 
0.65625 0.25 
0.6875 0.25 
0.71875 0.25 
0.75 0.25 
0.78125 0.25063919203731516 
0.8125 0.25396048039785146 
0.84375 0.2576821975607381 
0.875 0.26174100841243375 
0.90625 0.266071995378783 
0.9375 0.27060828339057236 
0.96875 0.27528076268415697 
1.0 0.2800179094371612 
