0.0 0.28244301945913913 
0.03125 0.3414694990478186 
0.0625 0.4067305726686722 
0.09375 0.47426399988163437 
0.125 0.5415644265493217 
0.15625 0.6069544525846149 
0.1875 0.6692618751033371 
0.21875 0.7276571636189713 
0.25 0.7815659799081649 
0.28125 0.8306157802179784 
0.3125 0.8745975794858066 
0.34375 0.9134343111179053 
0.375 0.9441677301775447 
0.40625 0.9624800291179498 
0.4375 0.9765435648631795 
0.46875 0.9815727564596279 
0.5 0.978324162300843 
0.53125 0.9748221986904303 
0.5625 0.9709706437117367 
0.59375 0.9666812191571054 
0.625 0.9618739187358394 
0.65625 0.95647704398182 
0.6875 0.9504314833373074 
0.71875 0.943737791136577 
0.75 0.9364401486410844 
0.78125 0.9264563500988553 
0.8125 0.9070058358522518 
0.84375 0.8857577980008218 
0.875 0.8629795366160209 
0.90625 0.838953450317281 
0.9375 0.808798732210416 
0.96875 0.7731319512477327 
1.0 0.7346750702310523 
