0.0 0.4504353754075681 
0.03125 0.5372483046066379 
0.0625 0.5947984834173506 
0.09375 0.638414990335323 
0.125 0.6758295370865377 
0.15625 0.7105560249946896 
0.1875 0.7440686565449465 
0.21875 0.7768254283818423 
0.25 0.8085750803488899 
0.28125 0.8387377509270038 
0.3125 0.8666965413448956 
0.34375 0.8918753859760609 
0.375 0.9127060769480695 
0.40625 0.9276293848859669 
0.4375 0.9386004780535093 
0.46875 0.9394830943669155 
0.5 0.9351973283799867 
0.53125 0.9284243790045318 
0.5625 0.9194928261975769 
0.59375 0.9089143834971054 
0.625 0.8974212025187736 
0.65625 0.8859824282663876 
0.6875 0.8757622228092535 
0.71875 0.8678409598823127 
0.75 0.8630777513739161 
0.78125 0.861790910221015 
0.8125 0.8642192401192526 
0.84375 0.8698670147355403 
0.875 0.8780529872621625 
0.90625 0.8880005098450536 
0.9375 0.8987956978366032 
0.96875 0.9093995973674257 
1.0 0.9145282886228627 
