0.0 0.10066809525020802 
0.03125 0.1846675403485186 
0.0625 0.26337939323576715 
0.09375 0.3356604746785863 
0.125 0.4027204919026216 
0.15625 0.4658802927629745 
0.1875 0.5261086852709355 
0.21875 0.5839650502124796 
0.25 0.6394194208792574 
0.28125 0.6920838662022187 
0.3125 0.7414998471647505 
0.34375 0.7872164322572349 
0.375 0.8269300846181716 
0.40625 0.8580629911095817 
0.4375 0.8866058431626836 
0.46875 0.9112450257018575 
0.5 0.9288082265734281 
0.53125 0.9436132167742176 
0.5625 0.9554311427156266 
0.59375 0.9642118983311606 
0.625 0.9701358133670328 
0.65625 0.9736531323211196 
0.6875 0.9754750081919188 
0.71875 0.976412641796678 
0.75 0.9772646277799582 
0.78125 0.9787076832834384 
0.8125 0.981648369089692 
0.84375 0.9855476384631094 
0.875 0.9898695625277569 
0.90625 0.9939926416454697 
0.9375 0.9974838182071367 
0.96875 0.9995184329706801 
1.0 0.9996356265607022 
