0.0 0.9857713971849715 
0.03125 0.9699613869887209 
0.0625 0.9522673515376262 
0.09375 0.9323913011201069 
0.125 0.910032339200202 
0.15625 0.8848781624097508 
0.1875 0.8565963088729489 
0.21875 0.8248567326026761 
0.25 0.7896581252898772 
0.28125 0.7512184135842958 
0.3125 0.7097561540821218 
0.34375 0.665490014886067 
0.375 0.6189474245476276 
0.40625 0.5708217110169219 
0.4375 0.5204334924575259 
0.46875 0.46815942414490813 
0.5 0.41502989698675385 
0.53125 0.361244850008584 
0.5625 0.30792162302912124 
0.59375 0.25619092618201583 
0.625 0.20718003422048167 
0.65625 0.16200089474943022 
0.6875 0.12174730552702127 
0.71875 0.08750380262402792 
0.75 0.060073888898173756 
0.78125 0.03938881263626907 
0.8125 0.02591893151434216 
0.84375 0.018920329923828482 
0.875 0.01758719615326666 
0.90625 0.019181626851841382 
0.9375 0.021596965385891193 
0.96875 0.02404878722138549 
1.0 0.026933685598658663 
