0.0 8.540964157322863E-5 
0.03225806451612903 8.495918235782567E-5 
0.06451612903225806 8.413927907400464E-5 
0.0967741935483871 8.295248347728235E-5 
0.12903225806451613 8.137608222050861E-5 
0.16129032258064516 7.937569680035813E-5 
0.1935483870967742 7.692075587504875E-5 
0.22580645161290322 7.399218762610417E-5 
0.25806451612903225 7.06048708392584E-5 
0.29032258064516125 6.681347706646501E-5 
0.3225806451612903 6.276422716874827E-5 
0.3548387096774194 5.878232965047329E-5 
0.3870967741935484 5.503957169340756E-5 
0.4193548387096774 5.1333195165973224E-5 
0.45161290322580644 4.797226991587019E-5 
0.4838709677419355 4.602184428709294E-5 
0.5161290322580645 5.108883205208951E-5 
0.5483870967741935 1.1430995297489097E-4 
0.5806451612903225 9.574196828855656E-4 
0.6129032258064516 0.008139124901894444 
0.6451612903225806 0.040966590333630155 
0.6774193548387096 0.09930675656103506 
0.7096774193548387 0.15324862949040863 
0.7419354838709677 0.22425422913214044 
0.7741935483870968 0.35176424305940396 
0.8064516129032258 0.5251466923405489 
0.8387096774193548 0.6748930012350707 
0.8709677419354839 0.7721032058767837 
0.9032258064516129 0.8333100766633594 
0.9354838709677419 0.8748662514689479 
0.967741935483871 0.9036097273504808 
1.0 0.9036097273504808 
