0.0 0.06665749235270324 
0.03125 0.07128652030988758 
0.0625 0.07823578093887217 
0.09375 0.08749259845591469 
0.125 0.09903925098353569 
0.15625 0.1128508294676032 
0.1875 0.12889238660424293 
0.21875 0.14694150609820214 
0.25 0.16492116416649968 
0.28125 0.18148500968485998 
0.3125 0.1965737634306145 
0.34375 0.21015110308918353 
0.375 0.22218372800134376 
0.40625 0.2326433052963576 
0.4375 0.2415084260214036 
0.46875 0.24874263498012883 
0.5 0.2529310665891647 
0.53125 0.2519921643848124 
0.5625 0.2459668785508948 
0.59375 0.23512394855706506 
0.625 0.219749302886825 
0.65625 0.20012402186536862 
0.6875 0.17649970935403292 
0.71875 0.1490729305739008 
0.75 0.11929722102585655 
0.78125 0.09246103054651494 
0.8125 0.06967470394238458 
0.84375 0.05073821692983968 
0.875 0.035502106898120354 
0.90625 0.02386150412138907 
0.9375 0.015748307885938874 
0.96875 0.011122243036903968 
1.0 0.009961280445232491 
